661	18	# of vehicles in the file, Max # of stops
1	9737	9865	1.03	1	1	1	11	0	0.0	0.0	1	0.1164	1
16	24.0
5	32.0
1	39.0
1	198.0
4	191.0
1	43.0
5	19.0
4	273.0
1	35.0
10	77.0
1	0.0
2	9621	9620	1.03	1	1	1	9	0	0.0	0.0	4	0.0592	1
9	28.0
6	36.0
5	26.0
4	148.0
8	309.0
2	28.0
8	116.0
3	10.0
7	0.0
3	9732	9886	1.03	1	1	1	1	0	0.0	0.0	7	0.0928	1
1	0.0
4	9733	9732	1.03	1	1	1	5	0	0.0	0.0	7	0.0406	1
1	502.0
2	86.0
1	141.0
18	21.0
7	0.0
5	9957	9906	1.03	1	1	1	4	0	0.0	0.0	8	0.1451	1
14	215.0
1	223.0
1	69.0
8	0.0
6	10337	10336	1.03	1	1	1	4	0	0.0	0.0	9	0.2314	1
10	124.0
5	852.0
9	42.0
12	0.0
7	9731	9613	1.03	1	1	1	8	0	0.0	0.0	11	0.4448	1
17	81.0
11	63.0
7	39.0
8	847.0
7	103.0
11	33.0
1	12.0
11	0.0
8	10147	10335	1.03	1	1	1	7	0	0.0	0.0	12	0.0755	1
5	511.0
5	92.0
5	14.0
6	18.0
5	26.0
1	83.0
12	0.0
9	10446	10436	1.03	1	1	1	8	0	0.0	0.0	13	0.1054	1
18	133.0
17	25.0
20	27.0
12	619.0
20	5.0
13	66.0
9	203.0
13	0.0
10	10596	10597	1.03	1	1	1	4	0	0.0	0.0	14	0.0894	1
14	115.0
14	602.0
14	13.0
14	0.0
11	10597	10446	1.03	1	1	1	3	0	0.0	0.0	14	0.396	1
14	200.0
14	58.0
16	0.0
12	10439	10445	1.03	1	1	1	10	0	0.0	0.0	15	0.0347	1
14	113.0
14	16.0
15	8.0
5	134.0
15	38.0
17	646.0
6	20.0
15	106.0
14	57.0
15	0.0
13	10492	10336	1.03	1	1	1	8	0	0.0	0.0	17	0.0998	1
17	45.0
17	48.0
17	460.0
17	17.0
15	42.0
17	253.0
17	47.0
17	0.0
14	10709	10708	1.03	1	1	1	1	0	0.0	0.0	18	0.0463	1
18	0.0
15	10762	10613	1.03	1	1	1	8	0	0.0	0.0	20	0.0313	1
18	237.0
20	59.0
18	270.0
20	120.0
20	65.0
20	162.0
14	98.0
20	0.0
16	10108	10107	1.03	1	1	1	4	0	0.0	0.0	3	0.2456	1
19	154.0
3	8.0
18	10.0
18	0.0
17	9736	9737	1.03	1	1	1	2	0	0.0	0.0	4	0.1327	1
2	232.0
4	0.0
18	10108	10107	1.03	1	1	1	9	0	0.0	0.0	3	0.0269	1
9	130.0
3	42.0
6	14.0
3	108.0
5	14.0
3	17.0
1	13.0
6	657.0
3	0.0
19	9865	9864	2.03	1	1	1	10	0	0.0	0.0	2	0.0844	1
3	180.0
2	41.0
2	9.0
2	485.0
2	11.0
2	25.0
1	117.0
2	5.0
15	26.0
2	0.0
20	10058	9866	2.03	1	1	1	5	0	0.0	0.0	2	0.1123	1
14	555.0
1	64.0
14	10.0
2	5.0
2	0.0
21	10108	10107	2.03	1	1	1	17	0	0.0	0.0	3	0.2868	1
3	254.0
3	5.0
16	9.0
16	16.0
3	27.0
5	68.0
8	24.0
3	5.0
16	134.0
3	20.0
13	39.0
14	16.0
3	46.0
5	77.0
3	40.0
5	119.0
3	0.0
22	10108	10107	2.03	1	1	1	6	0	0.0	0.0	3	0.3466	1
1	41.0
1	22.0
1	44.0
3	31.0
2	50.0
3	0.0
23	10057	10056	2.03	1	1	1	6	0	0.0	0.0	5	0.2258	1
18	197.0
5	16.0
8	516.0
5	185.0
12	19.0
5	0.0
24	9900	9993	2.03	1	1	1	6	0	0.0	0.0	8	0.0927	1
5	765.0
8	15.0
5	119.0
8	57.0
4	91.0
8	0.0
25	10323	10335	2.03	1	1	1	3	0	0.0	0.0	12	0.1362	1
16	775.0
16	13.0
12	0.0
26	10759	10598	2.03	1	1	1	2	0	0.0	0.0	14	0.0835	1
19	204.0
14	0.0
27	10710	10591	2.03	1	1	1	11	0	0.0	0.0	18	0.0268	1
1	92.0
1	231.0
18	114.0
18	100.0
18	164.0
18	72.0
18	95.0
18	58.0
18	211.0
18	50.0
18	0.0
28	10613	10580	2.03	1	1	1	10	0	0.0	0.0	19	0.3344	1
12	27.0
16	19.0
20	5.0
19	9.0
9	5.0
19	94.0
19	10.0
19	17.0
18	1021.0
19	0.0
29	10762	10772	2.03	1	1	1	12	0	0.0	0.0	20	0.0792	1
20	167.0
20	31.0
20	50.0
20	16.0
12	12.0
20	9.0
14	468.0
18	196.0
10	5.0
14	74.0
20	37.0
12	0.0
30	10707	10646	2.03	1	1	1	10	0	0.0	0.0	20	0.1989	1
1	153.0
20	311.0
2	180.0
20	285.0
20	8.0
20	22.0
20	5.0
20	21.0
20	19.0
20	0.0
31	9737	9736	2.03	1	1	1	14	0	0.0	0.0	1	0.5593	1
1	85.0
1	12.0
2	48.0
1	25.0
2	406.0
2	61.0
2	297.0
1	11.0
16	25.0
1	43.0
1	49.0
1	10.0
2	262.0
1	0.0
32	10144	10094	3.03	1	1	1	5	0	0.0	0.0	6	0.0996	1
13	131.0
10	556.0
10	10.0
10	10.0
6	0.0
33	9865	9866	3.03	1	1	1	10	0	0.0	0.0	2	0.2053	1
2	80.0
10	397.0
5	42.0
2	5.0
2	21.0
2	120.0
5	17.0
2	5.0
2	51.0
2	0.0
34	10108	10107	3.03	1	1	1	2	0	0.0	0.0	3	0.8333	1
17	235.0
3	0.0
35	10392	10539	3.03	1	1	1	7	0	0.0	0.0	19	0.0476	1
16	56.0
16	104.0
4	16.0
2	383.0
5	52.0
2	160.0
19	0.0
36	10539	10580	3.03	1	1	1	3	0	0.0	0.0	19	0.0556	1
2	149.0
19	83.0
16	0.0
37	10710	10711	3.03	1	1	1	1	0	0.0	0.0	18	0.1488	1
5	0.0
38	10439	10445	3.03	1	1	1	2	0	0.0	0.0	15	0.0962	1
18	430.0
17	0.0
39	10336	10335	3.03	1	1	1	8	0	0.0	0.0	17	0.1013	1
10	70.0
1	682.0
15	17.0
17	140.0
5	17.0
1	10.0
12	28.0
17	0.0
40	10443	10337	3.03	1	1	1	11	0	0.0	0.0	17	0.2207	1
17	209.0
17	20.0
18	433.0
15	59.0
17	20.0
16	108.0
17	62.0
9	70.0
17	52.0
14	24.0
17	0.0
41	10492	10336	3.03	1	1	1	12	0	0.0	0.0	17	0.1505	1
2	208.0
17	30.0
18	29.0
17	43.0
15	114.0
9	69.0
9	11.0
9	57.0
9	157.0
17	97.0
17	16.0
17	0.0
42	10336	10013	3.03	1	1	1	2	0	0.0	0.0	17	0.0167	1
16	1143.0
17	0.0
43	10338	10337	3.03	1	1	1	4	0	0.0	0.0	6	0.0442	1
16	648.0
14	57.0
16	111.0
6	0.0
44	10707	10708	4.03	1	1	1	8	0	0.0	0.0	20	0.0351	1
2	51.0
20	104.0
18	53.0
20	27.0
20	702.0
20	59.0
18	199.0
20	0.0
45	10707	10708	4.03	1	1	1	8	0	0.0	0.0	20	0.2898	1
17	210.0
16	20.0
20	146.0
2	5.0
16	333.0
16	98.0
9	10.0
20	0.0
46	10580	10613	4.03	1	1	1	11	0	0.0	0.0	19	0.0601	1
4	49.0
5	49.0
19	187.0
19	418.0
19	19.0
12	63.0
19	35.0
18	90.0
19	27.0
4	11.0
19	0.0
47	10323	10392	4.03	1	1	1	4	0	0.0	0.0	12	0.0368	1
8	610.0
12	335.0
5	137.0
12	0.0
48	9613	9503	4.03	1	1	1	11	0	0.0	0.0	10	0.2409	1
12	186.0
10	57.0
9	512.0
10	60.0
7	17.0
10	7.0
18	20.0
1	9.0
10	8.0
5	259.0
10	0.0
49	10542	10591	4.03	1	1	1	15	0	0.0	0.0	15	0.1133	1
16	43.0
16	26.0
15	39.0
7	128.0
15	16.0
2	615.0
15	27.0
2	44.0
15	24.0
9	6.0
15	9.0
3	38.0
15	52.0
18	41.0
15	0.0
50	9673	9674	4.03	1	1	1	8	0	0.0	0.0	4	0.1332	1
2	177.0
4	221.0
5	55.0
4	346.0
2	77.0
4	27.0
5	77.0
4	0.0
51	9736	9864	4.03	1	1	1	7	0	0.0	0.0	4	0.1239	1
8	641.0
8	25.0
8	17.0
13	29.0
4	55.0
15	33.0
4	0.0
52	9674	9737	4.03	1	1	1	6	0	0.0	0.0	1	0.0754	1
8	255.0
1	26.0
7	642.0
1	39.0
5	364.0
1	0.0
53	9674	9675	4.03	1	1	1	3	0	0.0	0.0	1	0.0493	1
1	186.0
1	171.0
2	0.0
54	9737	9865	4.03	1	1	1	4	0	0.0	0.0	1	0.2395	1
7	938.0
1	37.0
1	5.0
1	0.0
55	9675	9674	4.03	1	1	1	7	0	0.0	0.0	1	0.078	1
18	208.0
18	11.0
1	24.0
1	554.0
1	35.0
18	336.0
1	0.0
56	9737	9736	4.03	1	1	1	9	0	0.0	0.0	1	0.3972	1
2	749.0
1	23.0
5	44.0
1	82.0
1	12.0
1	77.0
2	18.0
1	20.0
1	0.0
57	9734	9733	4.03	1	1	1	15	0	0.0	0.0	7	0.1931	1
19	110.0
7	182.0
5	30.0
6	8.0
13	28.0
14	22.0
7	15.0
10	124.0
8	58.0
10	43.0
10	66.0
5	32.0
7	117.0
2	56.0
7	0.0
58	9731	9613	5.03	1	1	1	13	0	0.0	0.0	11	0.2515	1
2	81.0
18	33.0
4	7.0
11	59.0
8	33.0
2	534.0
14	64.0
2	16.0
11	12.0
7	12.0
11	5.0
20	239.0
11	0.0
59	10709	10710	5.03	1	1	1	10	0	0.0	0.0	18	0.092	1
18	85.0
14	569.0
16	23.0
14	63.0
9	7.0
3	28.0
16	21.0
18	100.0
17	39.0
18	0.0
60	10639	10597	5.03	1	1	1	12	0	0.0	0.0	16	0.0758	1
20	39.0
12	24.0
16	364.0
14	224.0
16	46.0
18	105.0
20	17.0
16	95.0
18	121.0
16	18.0
16	45.0
16	0.0
61	10591	10592	5.03	1	1	1	9	0	0.0	0.0	16	0.0777	1
13	170.0
12	18.0
16	38.0
5	124.0
16	50.0
20	316.0
16	144.0
16	105.0
16	0.0
62	10446	10597	5.03	1	1	1	5	0	0.0	0.0	13	0.0463	1
2	107.0
2	619.0
13	217.0
14	139.0
13	0.0
63	10446	10436	5.03	1	1	1	9	0	0.0	0.0	13	0.4836	1
16	531.0
16	27.0
16	9.0
16	80.0
13	47.0
9	171.0
13	134.0
13	109.0
13	0.0
64	9613	9503	5.03	1	1	1	11	0	0.0	0.0	10	0.116	1
7	126.0
10	24.0
16	81.0
10	40.0
2	178.0
1	39.0
2	5.0
2	284.0
10	23.0
10	175.0
10	0.0
65	10057	10107	5.03	1	1	1	6	0	0.0	0.0	5	0.0946	1
2	175.0
5	87.0
18	614.0
5	50.0
4	109.0
5	0.0
66	10337	10338	5.03	1	1	1	6	0	0.0	0.0	9	0.1722	1
8	335.0
9	127.0
8	427.0
9	69.0
16	202.0
9	0.0
67	10013	9993	5.03	1	1	1	4	0	0.0	0.0	8	0.3065	1
16	503.0
16	65.0
16	294.0
8	0.0
68	9620	9621	5.03	1	1	1	8	0	0.0	0.0	7	0.1446	1
1	153.0
3	5.0
7	199.0
5	119.0
7	92.0
8	32.0
1	303.0
7	0.0
69	9674	9737	5.03	1	1	1	9	0	0.0	0.0	1	0.1191	1
1	148.0
1	132.0
1	38.0
1	184.0
1	228.0
1	19.0
1	287.0
1	88.0
1	0.0
70	9738	9866	5.03	1	1	1	4	0	0.0	0.0	1	0.039	1
4	67.0
4	25.0
1	34.0
2	0.0
71	9738	9866	5.03	1	1	1	2	0	0.0	0.0	1	0.0839	1
5	576.0
2	0.0
72	10337	10144	5.03	1	1	1	6	0	0.0	0.0	9	0.4454	1
18	173.0
9	87.0
5	239.0
2	65.0
5	383.0
9	0.0
73	10323	10392	6.03	1	1	1	3	0	0.0	0.0	12	0.0824	1
1	88.0
8	725.0
12	0.0
74	10613	10762	6.03	1	1	1	7	0	0.0	0.0	20	0.511	1
8	116.0
20	129.0
18	275.0
18	69.0
18	91.0
20	20.0
18	0.0
75	10709	10595	6.03	1	1	1	14	0	0.0	0.0	18	0.2121	1
12	199.0
18	13.0
18	17.0
18	16.0
14	10.0
14	17.0
18	15.0
18	28.0
18	45.0
18	452.0
13	19.0
18	48.0
5	186.0
18	0.0
76	10540	10594	6.03	1	1	1	5	0	0.0	0.0	17	0.5575	1
5	110.0
2	361.0
1	23.0
2	247.0
17	0.0
77	10543	10542	6.03	1	1	1	2	0	0.0	0.0	15	0.7249	1
16	144.0
15	0.0
78	10440	10400	6.03	1	1	1	3	0	0.0	0.0	15	0.1176	1
6	210.0
15	27.0
17	0.0
79	10597	10596	6.03	1	1	1	8	0	0.0	0.0	14	0.2633	1
12	104.0
5	478.0
4	70.0
5	172.0
14	38.0
16	133.0
18	56.0
14	0.0
80	9731	9613	6.03	1	1	1	5	0	0.0	0.0	11	0.3642	1
11	72.0
12	627.0
8	106.0
6	17.0
11	0.0
81	10444	10443	6.03	1	1	1	6	0	0.0	0.0	15	0.0327	1
1	874.0
15	86.0
14	101.0
15	74.0
12	30.0
15	0.0
82	9519	9614	6.03	1	1	1	8	0	0.0	0.0	10	0.0294	1
10	92.0
10	205.0
7	274.0
11	60.0
7	112.0
7	122.0
3	73.0
10	0.0
83	9674	9673	6.03	1	1	1	9	0	0.0	0.0	1	0.1209	1
16	203.0
1	15.0
8	31.0
5	15.0
1	43.0
5	594.0
1	40.0
2	75.0
1	0.0
84	10058	10108	6.03	1	1	1	2	0	0.0	0.0	2	0.5083	1
18	203.0
2	0.0
85	10108	10058	6.03	1	1	1	4	0	0.0	0.0	3	0.8333	1
5	722.0
16	81.0
2	5.0
3	0.0
86	9674	9673	6.03	1	1	1	14	0	0.0	0.0	1	0.0407	1
12	208.0
1	38.0
8	251.0
8	12.0
4	42.0
8	205.0
1	10.0
9	94.0
1	8.0
1	10.0
7	5.0
1	23.0
1	177.0
1	0.0
87	9623	9673	6.03	1	1	1	6	0	0.0	0.0	4	0.2738	1
4	115.0
4	208.0
14	71.0
4	165.0
5	77.0
4	0.0
88	9864	9863	6.03	1	1	1	4	0	0.0	0.0	5	0.1411	1
3	95.0
18	707.0
2	29.0
5	0.0
89	9906	9886	6.03	1	1	1	4	0	0.0	0.0	8	0.0631	1
20	122.0
8	612.0
7	379.0
8	0.0
90	9731	9613	6.03	1	1	1	8	0	0.0	0.0	11	0.0707	1
20	85.0
11	19.0
12	26.0
11	5.0
11	23.0
11	18.0
5	14.0
11	0.0
91	10436	10446	7.03	1	1	1	12	0	0.0	0.0	13	0.4757	1
5	109.0
13	156.0
8	236.0
12	135.0
8	216.0
13	5.0
5	76.0
13	20.0
12	108.0
13	108.0
14	122.0
13	0.0
92	10762	10772	7.03	1	1	1	2	0	0.0	0.0	20	0.0423	1
5	731.0
17	0.0
93	10580	10613	7.03	1	1	1	3	0	0.0	0.0	19	0.1886	1
18	666.0
7	19.0
19	0.0
94	10580	10539	7.03	1	1	1	2	0	0.0	0.0	19	0.2989	1
18	52.0
17	0.0
95	10392	10539	7.03	1	1	1	9	0	0.0	0.0	19	0.2894	1
12	112.0
19	88.0
5	544.0
12	7.0
14	69.0
17	33.0
19	27.0
2	303.0
19	0.0
96	10716	10711	7.03	1	1	1	2	0	0.0	0.0	16	0.0579	1
3	214.0
16	0.0
97	10591	10710	7.03	1	1	1	3	0	0.0	0.0	16	0.098	1
15	65.0
14	78.0
17	0.0
98	10446	10436	7.03	1	1	1	4	0	0.0	0.0	13	0.2007	1
18	201.0
13	19.0
5	341.0
13	0.0
99	9865	9864	7.03	1	1	1	6	0	0.0	0.0	2	0.0876	1
7	68.0
2	190.0
2	556.0
2	364.0
1	164.0
2	0.0
100	10147	9981	7.03	1	1	1	7	0	0.0	0.0	12	0.2007	1
12	180.0
12	39.0
12	17.0
12	42.0
18	177.0
17	88.0
18	0.0
101	9613	9614	7.03	1	1	1	7	0	0.0	0.0	10	0.0382	1
14	124.0
10	137.0
1	28.0
1	553.0
10	114.0
9	102.0
10	0.0
102	9503	9613	7.03	1	1	1	2	0	0.0	0.0	10	0.0601	1
1	824.0
10	0.0
103	9519	9511	7.03	1	1	1	7	0	0.0	0.0	10	0.096	1
10	217.0
8	103.0
10	470.0
10	28.0
7	123.0
10	25.0
16	0.0
104	10013	9981	7.03	1	1	1	10	0	0.0	0.0	8	0.5475	1
8	585.0
8	55.0
14	36.0
8	72.0
12	18.0
8	82.0
15	58.0
8	276.0
12	100.0
8	0.0
105	9734	9620	7.03	1	1	1	7	0	0.0	0.0	7	0.1223	1
9	93.0
7	144.0
18	329.0
17	25.0
5	14.0
18	551.0
7	0.0
106	9865	9866	7.03	1	1	1	7	0	0.0	0.0	2	0.7797	1
6	207.0
14	18.0
2	21.0
5	268.0
5	117.0
5	300.0
2	0.0
107	10400	10440	7.03	1	1	1	3	0	0.0	0.0	13	0.1712	1
9	92.0
13	31.0
18	0.0
108	10762	10613	8.03	1	1	1	2	0	0.0	0.0	20	0.1588	1
20	168.0
20	0.0
109	10711	10710	8.03	1	1	1	4	0	0.0	0.0	16	0.1293	1
9	140.0
16	26.0
6	9.0
16	0.0
110	10639	10596	8.03	1	1	1	2	0	0.0	0.0	16	0.068	1
5	495.0
16	0.0
111	10543	10445	8.03	1	1	1	1	0	0.0	0.0	15	0.1645	1
17	0.0
112	10439	10339	8.03	1	1	1	6	0	0.0	0.0	15	0.2432	1
3	78.0
5	431.0
4	54.0
5	217.0
3	43.0
15	0.0
113	10323	10147	8.03	1	1	1	11	0	0.0	0.0	12	0.1268	1
5	89.0
13	50.0
6	17.0
12	118.0
11	15.0
14	203.0
16	81.0
14	284.0
12	28.0
12	32.0
12	0.0
114	10337	10336	8.03	1	1	1	5	0	0.0	0.0	9	0.4162	1
5	590.0
2	23.0
5	536.0
2	43.0
9	0.0
115	10337	10336	8.03	1	1	1	2	0	0.0	0.0	9	0.1014	1
5	166.0
9	0.0
116	9732	9728	8.03	1	1	1	2	0	0.0	0.0	7	0.0415	1
12	754.0
7	0.0
117	9737	9736	8.03	1	1	1	12	0	0.0	0.0	1	0.1426	1
4	105.0
1	30.0
10	498.0
10	12.0
10	266.0
1	16.0
2	134.0
1	5.0
1	13.0
1	5.0
3	97.0
1	0.0
118	10323	10147	8.03	1	1	1	13	0	0.0	0.0	12	0.3063	1
2	107.0
12	30.0
8	547.0
9	28.0
9	51.0
20	93.0
12	23.0
19	87.0
12	13.0
20	164.0
12	87.0
18	122.0
12	0.0
119	10716	10750	9.03	1	1	1	7	0	0.0	0.0	16	0.0278	1
8	592.0
12	10.0
8	236.0
16	29.0
17	147.0
16	93.0
14	0.0
120	10594	10646	9.03	1	1	1	12	0	0.0	0.0	18	0.3262	1
20	134.0
18	82.0
17	276.0
20	17.0
17	313.0
18	11.0
20	19.0
20	79.0
20	11.0
18	14.0
5	82.0
18	0.0
121	10710	10591	9.03	1	1	1	5	0	0.0	0.0	18	0.2786	1
18	454.0
20	78.0
18	5.0
18	10.0
18	0.0
122	10541	10542	9.03	1	1	1	4	0	0.0	0.0	17	0.7602	1
7	376.0
17	465.0
9	97.0
17	0.0
123	10540	10541	9.03	1	1	1	4	0	0.0	0.0	17	0.0553	1
16	131.0
18	527.0
18	10.0
17	0.0
124	10711	10716	9.03	1	1	1	10	0	0.0	0.0	16	0.0697	1
2	132.0
16	137.0
16	446.0
16	22.0
19	48.0
16	52.0
16	29.0
16	10.0
16	145.0
16	0.0
125	10058	10057	9.03	1	1	1	7	0	0.0	0.0	2	0.1028	1
2	619.0
4	19.0
2	78.0
2	25.0
2	131.0
7	84.0
2	0.0
126	10013	10336	9.03	1	1	1	4	0	0.0	0.0	8	0.287	1
5	1208.0
8	21.0
7	6.0
8	0.0
127	10057	10058	9.03	1	1	1	3	0	0.0	0.0	5	0.3765	1
8	203.0
5	21.0
2	0.0
128	10108	10107	9.03	1	1	1	6	0	0.0	0.0	3	0.4107	1
14	817.0
3	13.0
18	91.0
3	63.0
14	148.0
3	0.0
129	10108	10058	9.03	1	1	1	10	0	0.0	0.0	3	0.303	1
2	523.0
2	5.0
1	10.0
1	31.0
2	270.0
3	18.0
16	153.0
3	29.0
4	16.0
3	0.0
130	9737	9674	9.03	1	1	1	13	0	0.0	0.0	1	0.1395	1
13	48.0
1	67.0
1	62.0
1	17.0
19	282.0
20	74.0
20	19.0
19	334.0
1	24.0
1	161.0
1	15.0
2	10.0
1	0.0
131	10336	10335	9.03	1	1	1	1	0	0.0	0.0	17	0.0	1
17	0.0
132	9614	9728	9.03	1	1	1	3	0	0.0	0.0	10	0.1288	1
7	46.0
5	55.0
10	0.0
133	10058	10108	10.03	1	1	1	8	0	0.0	0.0	2	0.0871	1
2	41.0
8	45.0
2	104.0
6	41.0
2	20.0
10	761.0
18	55.0
2	0.0
134	9865	9866	10.03	1	1	1	13	0	0.0	0.0	2	0.2529	1
2	90.0
5	405.0
5	59.0
8	8.0
5	97.0
13	63.0
2	52.0
2	62.0
2	28.0
5	37.0
2	43.0
8	11.0
2	0.0
135	10108	10058	10.03	1	1	1	8	0	0.0	0.0	3	0.1442	1
1	122.0
3	109.0
14	647.0
3	5.0
2	38.0
3	21.0
5	127.0
3	0.0
136	10013	9981	10.03	1	1	1	4	0	0.0	0.0	8	0.0714	1
12	94.0
8	494.0
18	49.0
8	0.0
137	9731	9728	10.03	1	1	1	6	0	0.0	0.0	11	0.0594	1
2	400.0
1	69.0
2	405.0
11	47.0
10	228.0
11	0.0
138	10147	10335	10.03	1	1	1	4	0	0.0	0.0	12	0.1056	1
5	612.0
5	10.0
5	281.0
12	0.0
139	10597	10639	10.03	1	1	1	6	0	0.0	0.0	14	0.4232	1
18	142.0
14	97.0
15	224.0
16	47.0
15	307.0
14	0.0
140	10591	10595	10.03	1	1	1	6	0	0.0	0.0	16	0.0201	1
16	303.0
16	92.0
12	421.0
16	28.0
11	71.0
16	0.0
141	10707	10708	10.03	1	1	1	5	0	0.0	0.0	20	0.1662	1
11	736.0
8	99.0
20	142.0
18	93.0
20	0.0
142	10540	10541	10.03	1	1	1	5	0	0.0	0.0	17	0.0167	1
5	490.0
5	19.0
5	106.0
20	101.0
17	0.0
143	9622	9504	11.03	1	1	1	12	0	0.0	0.0	4	0.034	1
2	57.0
4	56.0
1	112.0
4	13.0
10	630.0
4	26.0
2	5.0
4	24.0
7	151.0
4	27.0
1	21.0
4	0.0
144	9863	9862	11.03	1	1	1	8	0	0.0	0.0	5	0.618	1
8	54.0
5	15.0
5	90.0
1	70.0
5	344.0
5	46.0
5	227.0
5	0.0
145	10772	10762	11.03	1	1	1	2	0	0.0	0.0	20	0.351	1
18	956.0
20	0.0
146	10436	10446	11.03	1	1	1	9	0	0.0	0.0	13	0.4311	1
14	119.0
14	18.0
18	561.0
17	35.0
13	67.0
14	101.0
13	92.0
6	143.0
13	0.0
147	10147	9981	11.03	1	1	1	3	0	0.0	0.0	12	0.2493	1
2	89.0
2	657.0
12	0.0
148	10337	10443	11.03	1	1	1	4	0	0.0	0.0	9	0.0751	1
19	155.0
14	44.0
15	10.0
9	0.0
149	10707	10708	11.03	1	1	1	11	0	0.0	0.0	20	0.2471	1
14	114.0
20	47.0
19	60.0
20	11.0
18	335.0
17	87.0
18	5.0
18	214.0
20	20.0
11	293.0
20	0.0
150	10339	10445	11.03	1	1	1	2	0	0.0	0.0	6	0.4406	1
3	116.0
6	0.0
151	9674	9675	11.03	1	1	1	2	0	0.0	0.0	1	0.0183	1
18	904.0
1	0.0
152	9734	9733	11.03	1	1	1	10	0	0.0	0.0	7	0.0562	1
18	126.0
7	17.0
7	21.0
7	54.0
8	323.0
7	54.0
8	377.0
7	34.0
18	55.0
7	0.0
153	10400	10440	12.03	1	1	1	2	0	0.0	0.0	13	0.1861	1
14	750.0
13	0.0
154	9866	9738	12.03	1	1	1	4	0	0.0	0.0	2	0.0214	1
5	117.0
5	58.0
18	601.0
2	0.0
155	9504	9505	12.03	1	1	1	4	0	0.0	0.0	4	0.109	1
5	259.0
4	10.0
5	421.0
4	0.0
156	9732	9728	12.03	1	1	1	1	0	0.0	0.0	7	0.2417	1
7	0.0
157	9906	9957	12.03	1	1	1	2	0	0.0	0.0	8	0.075	1
7	239.0
8	0.0
158	9886	9732	12.03	1	1	1	2	0	0.0	0.0	8	0.1466	1
19	185.0
8	0.0
159	9731	9613	12.03	1	1	1	5	0	0.0	0.0	11	0.1949	1
9	527.0
4	10.0
9	46.0
12	113.0
11	0.0
160	9731	9728	12.03	1	1	1	3	0	0.0	0.0	11	0.0248	1
4	168.0
11	43.0
5	0.0
161	9731	9728	12.03	1	1	1	10	0	0.0	0.0	11	0.0178	1
7	43.0
11	225.0
20	22.0
5	214.0
8	38.0
5	256.0
6	56.0
11	16.0
12	34.0
11	0.0
162	10707	10708	12.03	1	1	1	5	0	0.0	0.0	20	0.0673	1
20	95.0
8	464.0
4	38.0
17	20.0
20	0.0
163	10708	10709	13.03	1	1	1	10	0	0.0	0.0	18	0.3362	1
17	133.0
18	91.0
5	274.0
18	46.0
5	48.0
1	18.0
5	28.0
6	56.0
5	91.0
18	0.0
164	10707	10646	13.03	1	1	1	13	0	0.0	0.0	20	0.273	1
18	235.0
14	5.0
20	26.0
6	93.0
20	39.0
18	108.0
16	18.0
18	221.0
18	57.0
17	33.0
20	85.0
5	49.0
20	0.0
165	10539	10392	13.03	1	1	1	1	0	0.0	0.0	19	0.3082	1
15	0.0
166	10436	10446	13.03	1	1	1	7	0	0.0	0.0	13	0.0355	1
14	191.0
13	9.0
13	97.0
13	50.0
8	126.0
13	7.0
16	0.0
167	10446	10436	13.03	1	1	1	18	0	0.0	0.0	13	0.3622	1
16	20.0
18	32.0
18	44.0
13	5.0
14	53.0
13	27.0
16	9.0
14	213.0
13	30.0
14	214.0
12	83.0
13	38.0
14	5.0
13	29.0
18	215.0
13	13.0
14	63.0
13	0.0
168	9993	10013	13.03	1	1	1	3	0	0.0	0.0	8	0.0447	1
2	565.0
8	87.0
8	0.0
169	9675	9738	13.03	1	1	1	4	0	0.0	0.0	1	0.0441	1
1	79.0
1	148.0
2	633.0
1	0.0
170	10056	9863	13.03	1	1	1	11	0	0.0	0.0	5	0.0265	1
8	48.0
5	452.0
5	41.0
5	366.0
5	57.0
14	13.0
5	37.0
20	101.0
5	17.0
1	226.0
5	0.0
171	10337	10336	13.03	1	1	1	3	0	0.0	0.0	9	0.0518	1
17	312.0
9	31.0
14	0.0
172	9519	9614	13.03	1	1	1	7	0	0.0	0.0	10	0.0697	1
8	503.0
17	70.0
8	164.0
14	13.0
14	62.0
4	5.0
10	0.0
173	10436	10446	13.03	1	1	1	3	0	0.0	0.0	13	0.0431	1
1	967.0
14	16.0
13	0.0
174	9900	9993	13.03	1	1	1	9	0	0.0	0.0	8	0.1565	1
7	186.0
8	93.0
7	25.0
8	478.0
8	15.0
8	42.0
8	81.0
9	110.0
8	0.0
175	10108	10107	13.03	1	1	1	5	0	0.0	0.0	3	0.0303	1
6	84.0
9	268.0
18	5.0
9	191.0
9	0.0
176	9734	9733	13.03	1	1	1	11	0	0.0	0.0	7	0.1344	1
5	186.0
7	5.0
1	365.0
4	44.0
4	10.0
1	220.0
7	31.0
9	67.0
7	161.0
9	68.0
7	0.0
177	10058	9866	13.03	1	1	1	3	0	0.0	0.0	2	0.134	1
5	475.0
5	32.0
8	0.0
178	10757	10716	13.03	1	1	1	4	0	0.0	0.0	16	0.0452	1
17	743.0
16	185.0
14	21.0
16	0.0
179	9738	9866	13.03	1	1	1	7	0	0.0	0.0	1	0.3896	1
14	103.0
18	29.0
13	12.0
2	519.0
8	27.0
2	88.0
1	0.0
180	9866	10058	13.03	1	1	1	4	0	0.0	0.0	2	0.0661	1
6	104.0
2	764.0
1	13.0
2	0.0
181	9738	9737	14.03	1	1	1	10	0	0.0	0.0	1	0.0282	1
9	189.0
1	364.0
1	106.0
2	53.0
1	76.0
18	66.0
18	26.0
1	17.0
9	95.0
1	0.0
182	9675	9674	14.03	1	1	1	6	0	0.0	0.0	1	0.1473	1
2	100.0
2	409.0
1	10.0
2	268.0
1	5.0
1	0.0
183	10639	10596	14.03	1	1	1	8	0	0.0	0.0	16	0.4913	1
6	226.0
16	30.0
2	685.0
16	24.0
9	5.0
16	60.0
5	11.0
16	0.0
184	9737	9674	14.03	1	1	1	12	0	0.0	0.0	1	0.4124	1
9	358.0
1	91.0
7	94.0
1	182.0
4	29.0
2	11.0
17	8.0
1	83.0
16	13.0
1	33.0
1	115.0
1	0.0
185	10335	10336	14.03	1	1	1	5	0	0.0	0.0	17	0.082	1
5	613.0
4	100.0
5	62.0
8	32.0
17	0.0
186	10392	10539	14.03	1	1	1	9	0	0.0	0.0	19	0.1004	1
2	340.0
1	20.0
2	205.0
19	5.0
7	97.0
1	9.0
1	20.0
1	50.0
19	0.0
187	10539	10392	14.03	1	1	1	5	0	0.0	0.0	19	0.2447	1
20	99.0
18	339.0
18	13.0
18	335.0
4	0.0
188	10147	10335	14.03	1	1	1	9	0	0.0	0.0	12	0.0627	1
6	113.0
9	17.0
12	120.0
5	632.0
12	31.0
12	37.0
12	119.0
12	75.0
12	0.0
189	9673	9674	14.03	1	1	1	7	0	0.0	0.0	4	0.032	1
2	747.0
2	11.0
4	130.0
4	67.0
1	211.0
5	61.0
4	0.0
190	10440	10439	14.03	1	1	1	8	0	0.0	0.0	15	0.0666	1
18	96.0
15	31.0
16	59.0
15	19.0
14	700.0
15	37.0
14	125.0
15	0.0
191	10108	10058	14.03	1	1	1	8	0	0.0	0.0	3	0.0948	1
14	140.0
3	106.0
3	455.0
3	100.0
3	102.0
3	17.0
3	95.0
3	0.0
192	10440	10439	14.03	1	1	1	8	0	0.0	0.0	15	0.0845	1
4	105.0
15	142.0
10	267.0
7	18.0
10	340.0
15	18.0
14	270.0
15	0.0
193	9733	9861	14.03	1	1	1	8	0	0.0	0.0	7	0.1703	1
10	537.0
10	5.0
10	31.0
10	5.0
10	10.0
10	5.0
10	25.0
7	0.0
194	9732	9886	14.03	1	1	1	4	0	0.0	0.0	7	0.0783	1
14	479.0
7	201.0
18	28.0
7	0.0
195	9734	9735	14.03	1	1	1	4	0	0.0	0.0	7	0.4722	1
16	602.0
17	64.0
16	120.0
7	0.0
196	10596	10592	14.03	1	1	1	4	0	0.0	0.0	14	0.0881	1
16	68.0
8	453.0
7	37.0
8	0.0
197	10446	10597	14.03	1	1	1	4	0	0.0	0.0	13	0.0689	1
17	97.0
14	129.0
9	438.0
13	0.0
198	9732	9886	14.03	1	1	1	2	0	0.0	0.0	7	0.4723	1
7	112.0
7	0.0
199	9613	9731	14.03	1	1	1	7	0	0.0	0.0	10	0.1443	1
16	55.0
5	256.0
4	74.0
5	11.0
5	300.0
18	21.0
10	0.0
200	9731	9728	14.03	1	1	1	13	0	0.0	0.0	11	0.2227	1
7	104.0
6	51.0
17	5.0
11	22.0
12	14.0
11	7.0
12	38.0
11	6.0
5	199.0
4	37.0
5	656.0
10	172.0
11	0.0
201	10147	10323	14.03	1	1	1	6	0	0.0	0.0	12	0.0878	1
5	351.0
12	97.0
14	242.0
12	249.0
11	74.0
12	0.0
202	10147	10323	14.03	1	1	1	10	0	0.0	0.0	12	0.1534	1
9	29.0
12	20.0
15	32.0
12	20.0
18	101.0
12	29.0
17	13.0
20	50.0
17	1017.0
12	0.0
203	10108	10107	14.03	1	1	1	5	0	0.0	0.0	3	0.3735	1
5	64.0
16	320.0
3	472.0
16	146.0
3	0.0
204	10337	10144	14.03	1	1	1	7	0	0.0	0.0	9	0.2847	1
3	190.0
5	29.0
9	306.0
11	43.0
9	246.0
20	7.0
9	0.0
205	10436	10446	14.03	1	1	1	8	0	0.0	0.0	13	0.14	1
5	164.0
13	29.0
1	5.0
5	9.0
18	39.0
13	39.0
6	693.0
13	0.0
206	9674	9737	15.03	1	1	1	4	0	0.0	0.0	1	0.1645	1
14	353.0
14	10.0
14	198.0
1	0.0
207	10446	10440	15.03	1	1	1	7	0	0.0	0.0	13	0.0681	1
14	24.0
17	74.0
18	671.0
13	26.0
14	54.0
16	173.0
13	0.0
208	10108	10058	15.03	1	1	1	6	0	0.0	0.0	3	0.7378	1
18	534.0
18	85.0
20	13.0
18	119.0
6	11.0
3	0.0
209	10108	10058	15.03	1	1	1	9	0	0.0	0.0	3	0.1112	1
2	125.0
5	431.0
5	10.0
5	239.0
3	53.0
14	1.0
3	92.0
5	102.0
3	0.0
210	10147	10335	15.03	1	1	1	15	0	0.0	0.0	12	0.4249	1
12	29.0
5	9.0
10	30.0
12	46.0
5	30.0
12	22.0
12	13.0
5	371.0
7	25.0
5	397.0
12	17.0
11	189.0
12	87.0
19	62.0
12	0.0
211	10597	10446	15.03	1	1	1	11	0	0.0	0.0	14	0.0262	1
14	77.0
14	54.0
17	11.0
9	475.0
5	97.0
9	25.0
16	19.0
16	40.0
15	56.0
14	11.0
15	0.0
212	9621	9622	15.03	1	1	1	4	0	0.0	0.0	4	0.2896	1
5	52.0
4	229.0
18	647.0
4	0.0
213	10543	10592	15.03	1	1	1	7	0	0.0	0.0	15	0.2518	1
7	149.0
8	83.0
2	314.0
1	31.0
2	119.0
2	15.0
15	0.0
214	10147	10335	15.03	1	1	1	8	0	0.0	0.0	12	0.1594	1
7	96.0
1	29.0
1	39.0
5	337.0
1	101.0
5	55.0
16	33.0
12	0.0
215	10337	10336	15.03	1	1	1	8	0	0.0	0.0	9	0.0426	1
1	163.0
9	74.0
8	253.0
10	64.0
8	487.0
9	108.0
5	6.0
9	0.0
216	10094	10144	15.03	1	1	1	10	0	0.0	0.0	6	0.2424	1
18	160.0
14	373.0
14	10.0
14	13.0
17	48.0
6	109.0
15	117.0
5	26.0
18	24.0
6	0.0
217	10492	10540	15.03	1	1	1	12	0	0.0	0.0	17	0.7857	1
9	114.0
17	45.0
18	53.0
5	59.0
17	19.0
2	30.0
2	450.0
18	41.0
17	13.0
20	69.0
17	52.0
14	0.0
218	9731	9728	15.03	1	1	1	10	0	0.0	0.0	11	0.1739	1
16	172.0
11	36.0
6	595.0
8	18.0
11	45.0
12	59.0
19	5.0
1	5.0
7	6.0
11	0.0
219	10594	10613	15.03	1	1	1	2	0	0.0	0.0	18	0.0489	1
8	811.0
18	0.0
220	10592	10591	15.03	1	1	1	16	0	0.0	0.0	16	0.4687	1
9	56.0
16	138.0
17	5.0
18	15.0
16	19.0
5	321.0
1	29.0
5	279.0
16	22.0
20	52.0
16	26.0
16	15.0
17	12.0
16	15.0
3	29.0
16	0.0
221	10597	10596	16.03	1	1	1	8	0	0.0	0.0	14	0.0849	1
9	103.0
14	137.0
14	342.0
6	61.0
14	38.0
10	109.0
14	38.0
16	0.0
222	9675	9738	16.03	1	1	1	8	0	0.0	0.0	1	0.0816	1
1	69.0
5	94.0
17	72.0
5	412.0
1	53.0
3	64.0
5	621.0
1	0.0
223	10108	10058	16.03	1	1	1	7	0	0.0	0.0	3	0.2364	1
1	124.0
3	110.0
8	714.0
16	21.0
3	191.0
14	148.0
3	0.0
224	9614	9728	16.03	1	1	1	4	0	0.0	0.0	10	0.1162	1
3	133.0
7	565.0
7	43.0
10	0.0
225	10440	10439	16.03	1	1	1	2	0	0.0	0.0	15	0.1451	1
10	58.0
10	0.0
226	10613	10580	16.03	1	1	1	2	0	0.0	0.0	19	0.0968	1
10	138.0
19	0.0
227	10400	10297	16.03	1	1	1	2	0	0.0	0.0	13	0.0844	1
12	135.0
13	0.0
228	10613	10762	16.03	1	1	1	12	0	0.0	0.0	20	0.044	1
14	35.0
5	39.0
5	85.0
5	628.0
5	16.0
20	18.0
20	34.0
20	20.0
9	39.0
20	61.0
12	347.0
20	0.0
229	10147	10335	16.03	1	1	1	6	0	0.0	0.0	12	0.0894	1
17	150.0
12	53.0
11	10.0
8	297.0
10	10.0
8	0.0
230	10323	10392	16.03	1	1	1	8	0	0.0	0.0	12	0.1854	1
5	333.0
5	51.0
5	5.0
5	10.0
3	5.0
5	5.0
12	78.0
12	0.0
231	10772	10762	16.03	1	1	1	11	0	0.0	0.0	20	0.0414	1
19	219.0
20	86.0
18	15.0
20	65.0
16	47.0
20	22.0
20	59.0
20	40.0
20	157.0
20	26.0
12	0.0
232	10058	10057	17.03	1	1	1	6	0	0.0	0.0	2	0.0477	1
6	50.0
18	473.0
2	51.0
2	177.0
14	277.0
2	0.0
233	9621	9735	17.03	1	1	1	13	0	0.0	0.0	4	0.0831	1
1	103.0
4	187.0
1	8.0
4	192.0
17	35.0
4	26.0
7	53.0
4	10.0
4	17.0
12	21.0
4	92.0
1	185.0
4	0.0
234	9732	9733	17.03	1	1	1	3	0	0.0	0.0	7	0.1498	1
8	52.0
7	106.0
7	0.0
235	10337	10336	17.03	1	1	1	6	0	0.0	0.0	9	0.0284	1
18	837.0
9	32.0
18	271.0
9	18.0
8	5.0
9	0.0
236	10400	10440	17.03	1	1	1	2	0	0.0	0.0	13	0.1057	1
14	121.0
13	0.0
237	10541	10542	17.03	1	1	1	8	0	0.0	0.0	17	0.3844	1
9	494.0
12	31.0
9	285.0
17	34.0
17	238.0
17	27.0
12	16.0
17	0.0
238	10400	10440	17.03	1	1	1	2	0	0.0	0.0	13	0.0963	1
2	850.0
13	0.0
239	10492	10336	17.03	1	1	1	14	0	0.0	0.0	17	0.0296	1
17	103.0
18	41.0
8	25.0
17	72.0
18	180.0
19	15.0
17	64.0
18	276.0
17	25.0
1	90.0
17	21.0
16	22.0
15	341.0
17	0.0
240	10592	10591	17.03	1	1	1	7	0	0.0	0.0	16	0.1563	1
1	559.0
7	83.0
16	30.0
16	85.0
16	5.0
14	16.0
16	0.0
241	10443	10337	17.03	1	1	1	6	0	0.0	0.0	17	0.0914	1
8	65.0
5	473.0
5	22.0
5	169.0
8	57.0
17	0.0
242	9738	9866	18.03	1	1	1	1	0	0.0	0.0	1	0.0	1
7	0.0
243	10539	10580	18.03	1	1	1	7	0	0.0	0.0	19	0.064	1
18	160.0
9	143.0
19	98.0
5	552.0
19	19.0
19	66.0
19	0.0
244	9732	9728	18.03	1	1	1	1	0	0.0	0.0	7	0.1393	1
18	0.0
245	9675	9674	18.03	1	1	1	6	0	0.0	0.0	1	0.65	1
1	186.0
1	42.0
5	25.0
5	31.0
5	451.0
1	0.0
246	10762	10613	18.03	1	1	1	11	0	0.0	0.0	20	0.2367	1
18	121.0
20	46.0
14	37.0
20	46.0
18	15.0
18	179.0
17	76.0
18	576.0
20	35.0
14	18.0
20	0.0
247	9957	9981	18.03	1	1	1	14	0	0.0	0.0	8	0.1153	1
7	93.0
8	72.0
12	14.0
2	5.0
2	5.0
8	11.0
12	59.0
8	45.0
2	217.0
2	57.0
2	428.0
8	31.0
18	90.0
8	0.0
248	9728	9731	18.03	1	1	1	10	0	0.0	0.0	7	0.2587	1
7	15.0
7	61.0
10	20.0
7	175.0
5	237.0
4	24.0
5	206.0
2	56.0
5	44.0
7	0.0
249	10580	10539	18.03	1	1	1	9	0	0.0	0.0	19	0.1909	1
1	153.0
14	60.0
19	70.0
19	162.0
18	26.0
17	18.0
19	216.0
20	10.0
19	0.0
250	10597	10598	18.03	1	1	1	3	0	0.0	0.0	14	0.0421	1
16	40.0
14	54.0
9	0.0
251	10646	10707	18.03	1	1	1	4	0	0.0	0.0	18	0.4874	1
18	5.0
18	22.0
19	26.0
18	0.0
252	10539	10540	18.03	1	1	1	10	0	0.0	0.0	19	0.0964	1
14	141.0
19	57.0
5	71.0
5	20.0
5	72.0
5	28.0
5	432.0
19	24.0
11	5.0
12	0.0
253	10108	10107	19.03	1	1	1	6	0	0.0	0.0	3	0.1301	1
18	230.0
3	20.0
18	509.0
3	50.0
13	473.0
3	0.0
254	10108	10058	19.03	1	1	1	11	0	0.0	0.0	3	0.1438	1
17	133.0
3	102.0
20	268.0
19	22.0
20	315.0
3	90.0
8	10.0
6	14.0
3	112.0
6	30.0
3	0.0
255	9738	9866	19.03	1	1	1	13	0	0.0	0.0	1	0.2026	1
2	199.0
1	52.0
1	96.0
1	41.0
1	64.0
1	8.0
5	12.0
1	5.0
1	37.0
10	12.0
7	10.0
10	451.0
1	0.0
256	9735	9621	19.03	1	1	1	2	0	0.0	0.0	4	0.0975	1
15	108.0
1	0.0
257	9733	9734	44.03	1	1	1	1	0	0.0	0.0	7	0.0	1
7	0.0
258	9734	9733	50.03	1	1	1	4	0	0.0	0.0	7	0.2417	1
7	66.0
7	16.0
18	1214.0
7	0.0
259	10710	10709	84.03	1	1	1	1	0	0.0	0.0	18	0.0	1
18	0.0
260	10646	10707	101.03	1	1	1	12	0	0.0	0.0	18	0.4874	1
18	18.0
17	6.0
18	11.0
3	12.0
14	380.0
14	61.0
14	301.0
18	49.0
18	32.0
18	23.0
1	144.0
18	0.0
261	10444	10445	126.03	1	1	1	1	0	0.0	0.0	15	0.0	1
16	0.0
262	10639	10596	132.03	1	1	1	13	0	0.0	0.0	16	0.3082	1
18	9.0
19	60.0
10	5.0
14	14.0
19	43.0
17	269.0
17	10.0
17	277.0
19	16.0
17	164.0
19	111.0
16	128.0
19	0.0
263	9675	9738	143.03	1	1	1	2	0	0.0	0.0	1	0.0928	1
7	97.0
4	0.0
264	10595	10541	143.03	1	1	1	1	0	0.0	0.0	18	0.0	1
1	0.0
265	9865	9864	151.03	1	1	1	1	0	0.0	0.0	2	0.0	1
1	0.0
266	10540	10594	166.03	1	1	1	1	0	0.0	0.0	17	0.0	1
16	0.0
267	10144	10094	180.03	1	1	1	1	0	0.0	0.0	6	0.0	1
18	0.0
268	9503	9613	185.03	1	1	1	1	0	0.0	0.0	10	0.0	1
16	0.0
269	9734	9862	185.03	1	1	1	1	0	0.0	0.0	7	0.0	1
8	0.0
270	10716	10639	185.03	1	1	1	3	0	0.0	0.0	16	0.0968	1
15	90.0
17	9.0
17	0.0
271	9737	9865	186.03	1	1	1	6	0	0.0	0.0	1	0.039	1
1	5.0
1	32.0
8	774.0
1	67.0
5	22.0
1	0.0
272	10708	10646	187.03	1	1	1	18	0	0.0	0.0	18	0.4406	1
6	60.0
2	34.0
6	32.0
14	62.0
6	31.0
5	5.0
18	10.0
6	10.0
6	15.0
5	74.0
13	52.0
5	67.0
5	17.0
10	302.0
5	90.0
6	21.0
14	95.0
6	0.0
273	10594	10646	194.03	1	1	1	1	0	0.0	0.0	18	0.0	1
18	0.0
274	10335	10336	199.03	1	1	1	1	0	0.0	0.0	17	0.1645	1
15	0.0
275	10594	10646	204.03	1	1	1	1	0	0.0	0.0	18	0.0	1
13	0.0
276	10021	9862	210.03	1	1	1	9	0	0.0	0.0	8	0.1498	1
7	58.0
7	131.0
7	107.0
12	18.0
7	462.0
7	31.0
7	28.0
6	5.0
5	0.0
277	10646	10708	211.03	1	1	1	7	0	0.0	0.0	18	0.0463	1
18	62.0
19	310.0
18	47.0
19	310.0
18	107.0
17	163.0
18	0.0
278	10707	10708	213.03	1	1	1	1	0	0.0	0.0	20	0.1059	1
19	0.0
279	10400	10297	213.03	1	1	1	8	0	0.0	0.0	13	0.1712	1
5	355.0
2	54.0
5	359.0
13	25.0
9	71.0
13	105.0
2	34.0
13	0.0
280	10580	10613	215.03	1	1	1	1	0	0.0	0.0	19	0.0968	1
18	0.0
281	10013	9993	218.03	1	1	1	2	0	0.0	0.0	8	0.1466	1
5	33.0
8	0.0
282	10710	10711	220.03	1	1	1	1	0	0.0	0.0	18	0.0	1
18	0.0
283	10757	10716	221.03	1	1	1	6	0	0.0	0.0	16	0.098	1
16	529.0
16	68.0
9	169.0
16	13.0
14	183.0
16	0.0
284	10337	10338	222.03	1	1	1	1	0	0.0	0.0	9	0.0676	1
18	0.0
285	10445	10543	227.03	1	1	1	1	0	0.0	0.0	15	0.7249	1
15	0.0
286	10710	10711	237.03	1	1	1	1	0	0.0	0.0	18	0.0968	1
14	0.0
287	10711	10716	238.03	1	1	1	1	0	0.0	0.0	16	0.0	1
16	0.0
288	10596	10639	240.03	1	1	1	2	0	0.0	0.0	14	0.0835	1
16	9.0
14	0.0
289	10444	10443	246.03	1	1	1	1	0	0.0	0.0	15	0.1645	1
17	0.0
290	10591	10592	247.03	1	1	1	2	0	0.0	0.0	16	0.0862	1
18	5.0
18	0.0
291	10541	10540	252.03	1	1	1	1	0	0.0	0.0	17	0.0	1
15	0.0
292	9728	9731	257.03	1	1	1	1	0	0.0	0.0	7	0.3149	1
7	0.0
293	10446	10436	258.03	1	1	1	1	0	0.0	0.0	13	0.0	1
13	0.0
294	10594	10595	259.03	1	1	1	1	0	0.0	0.0	18	0.0	1
16	0.0
295	10337	10336	261.03	1	1	1	1	0	0.0	0.0	9	0.0	1
9	0.0
296	10337	10336	266.03	1	1	1	2	0	0.0	0.0	9	0.0421	1
14	15.0
15	0.0
297	10057	10056	267.03	1	1	1	1	0	0.0	0.0	5	0.0	1
11	0.0
298	9731	9613	267.03	1	1	1	1	0	0.0	0.0	11	0.0248	1
9	0.0
299	10400	10440	271.03	1	1	1	1	0	0.0	0.0	13	0.1057	1
5	0.0
300	10444	10542	271.03	1	1	1	5	0	0.0	0.0	15	0.4833	1
7	54.0
15	6.0
9	60.0
15	30.0
16	0.0
301	10592	10711	272.03	1	1	1	4	0	0.0	0.0	16	0.1293	1
20	220.0
20	10.0
20	10.0
20	0.0
302	10439	10440	274.03	1	1	1	1	0	0.0	0.0	15	0.1645	1
18	0.0
303	9731	9613	277.03	1	1	1	1	0	0.0	0.0	11	0.0	1
12	0.0
304	10058	10108	278.03	1	1	1	1	0	0.0	0.0	2	0.0	1
5	0.0
305	9863	9864	278.03	1	1	1	1	0	0.0	0.0	5	0.3765	1
8	0.0
306	9981	9957	282.03	1	1	1	1	0	0.0	0.0	8	0.1466	1
9	0.0
307	9728	9732	284.03	1	1	1	2	0	0.0	0.0	7	0.4723	1
12	58.0
7	0.0
308	10595	10709	285.03	1	1	1	1	0	0.0	0.0	18	0.0	1
9	0.0
309	10337	10443	285.03	1	1	1	2	0	0.0	0.0	9	0.1014	1
5	29.0
9	0.0
310	9735	9621	287.03	1	1	1	1	0	0.0	0.0	4	0.0	1
4	0.0
311	10400	10297	289.03	1	1	1	2	0	0.0	0.0	13	0.0562	1
16	395.0
14	0.0
312	10056	10057	289.03	1	1	1	1	0	0.0	0.0	5	0.0	1
5	0.0
313	10323	10392	289.03	1	1	1	2	0	0.0	0.0	12	0.0707	1
11	7.0
1	0.0
314	10639	10596	290.03	1	1	1	1	0	0.0	0.0	16	0.0	1
16	0.0
315	10057	10058	292.03	1	1	1	1	0	0.0	0.0	5	0.1057	1
13	0.0
316	10539	10392	293.03	1	1	1	1	0	0.0	0.0	19	0.0	1
20	0.0
317	10613	10762	293.03	1	1	1	1	0	0.0	0.0	20	0.1588	1
7	0.0
318	9886	9906	295.03	1	1	1	1	0	0.0	0.0	8	0.0	1
8	0.0
319	10400	10440	296.03	1	1	1	1	0	0.0	0.0	13	0.0	1
1	0.0
320	9621	9735	299.03	1	1	1	3	0	0.0	0.0	4	0.1327	1
4	403.0
4	19.0
5	0.0
321	9866	10058	300.03	1	1	1	1	0	0.0	0.0	2	0.0	1
2	0.0
322	10337	10338	300.03	1	1	1	1	0	0.0	0.0	9	0.0	1
8	0.0
323	9886	9906	300.03	1	1	1	1	0	0.0	0.0	8	0.1466	1
2	0.0
324	10598	10597	303.03	1	1	1	1	0	0.0	0.0	14	0.396	1
9	0.0
325	10591	10710	303.03	1	1	1	1	0	0.0	0.0	16	0.0	1
14	0.0
326	10594	10613	304.03	1	1	1	1	0	0.0	0.0	18	0.0968	1
19	0.0
327	10597	10446	304.03	1	1	1	1	0	0.0	0.0	14	0.0	1
18	0.0
328	10597	10446	305.03	1	1	1	1	0	0.0	0.0	14	0.0835	1
14	0.0
329	10591	10710	306.03	1	1	1	1	0	0.0	0.0	16	0.0386	1
16	0.0
330	10596	10592	306.03	1	1	1	1	0	0.0	0.0	14	0.0	1
14	0.0
331	10716	10750	306.03	1	1	1	1	0	0.0	0.0	16	0.0	1
14	0.0
332	10708	10707	307.03	1	1	1	1	0	0.0	0.0	18	0.0	1
3	0.0
333	10108	10107	307.03	1	1	1	5	0	0.0	0.0	3	0.2456	1
5	12.0
5	10.0
3	88.0
18	46.0
9	0.0
334	10392	10539	310.03	1	1	1	1	0	0.0	0.0	19	0.0	1
19	0.0
335	10108	10107	310.03	1	1	1	1	0	0.0	0.0	3	0.5556	1
17	0.0
336	10337	10336	311.03	1	1	1	1	0	0.0	0.0	9	0.0	1
5	0.0
337	10057	9864	311.03	1	1	1	2	0	0.0	0.0	5	0.0248	1
11	23.0
10	0.0
338	10336	10013	313.03	1	1	1	1	0	0.0	0.0	17	0.0	1
15	0.0
339	10592	10711	313.03	1	1	1	1	0	0.0	0.0	16	0.0	1
19	0.0
340	10392	10323	313.03	1	1	1	4	0	0.0	0.0	19	0.0556	1
18	10.0
18	353.0
18	53.0
18	0.0
341	10021	10013	314.03	1	1	1	1	0	0.0	0.0	8	0.075	1
8	0.0
342	10543	10542	314.03	1	1	1	2	0	0.0	0.0	15	0.0784	1
17	15.0
9	0.0
343	10759	10598	315.03	1	1	1	1	0	0.0	0.0	14	0.0579	1
14	0.0
344	10597	10596	315.03	1	1	1	1	0	0.0	0.0	14	0.0	1
14	0.0
345	9738	9675	315.03	1	1	1	1	0	0.0	0.0	1	0.1057	1
13	0.0
346	10597	10596	320.03	1	1	1	1	0	0.0	0.0	14	0.0835	1
16	0.0
347	10592	10543	326.03	1	1	1	1	0	0.0	0.0	16	0.0	1
14	0.0
348	10596	10597	328.03	1	1	1	2	0	0.0	0.0	14	0.0579	1
16	200.0
5	0.0
349	9738	9737	332.03	1	1	1	1	0	0.0	0.0	1	0.0	1
11	0.0
350	9731	9613	332.03	1	1	1	1	0	0.0	0.0	11	0.0472	1
8	0.0
351	10540	10541	333.03	1	1	1	1	0	0.0	0.0	17	0.0	1
3	0.0
352	10108	10058	333.03	1	1	1	1	0	0.0	0.0	3	0.5556	1
3	0.0
353	10597	10446	338.03	1	1	1	1	0	0.0	0.0	14	0.0835	1
14	0.0
354	10108	10058	344.03	1	1	1	1	0	0.0	0.0	3	0.0	1
3	0.0
355	10337	10443	345.03	1	1	1	1	0	0.0	0.0	9	0.0	1
9	0.0
356	9865	9737	349.03	1	1	1	7	0	0.0	0.0	2	0.5083	1
1	90.0
1	68.0
2	325.0
2	57.0
2	253.0
18	182.0
2	0.0
357	9734	9735	350.03	1	1	1	1	0	0.0	0.0	7	0.0	1
7	0.0
358	10058	10108	355.03	1	1	1	1	0	0.0	0.0	2	0.0	1
9	0.0
359	10337	10338	355.03	1	1	1	1	0	0.0	0.0	9	0.1466	1
8	0.0
360	10542	10591	355.03	1	1	1	3	0	0.0	0.0	15	0.2468	1
16	6.0
15	34.0
5	0.0
361	10595	10541	355.03	1	1	1	1	0	0.0	0.0	18	0.0	1
15	0.0
362	10337	10144	361.03	1	1	1	2	0	0.0	0.0	9	0.1014	1
5	102.0
5	0.0
363	9734	9862	373.03	1	1	1	1	0	0.0	0.0	7	0.4723	1
12	0.0
364	10021	9862	374.03	1	1	1	1	0	0.0	0.0	8	0.0	1
5	0.0
365	9863	9864	374.03	1	1	1	1	0	0.0	0.0	5	0.075	1
8	0.0
366	10108	10107	393.03	1	1	1	2	0	0.0	0.0	3	0.8333	1
16	15.0
3	0.0
367	10058	10108	394.03	1	1	1	1	0	0.0	0.0	2	0.0	1
1	0.0
368	9674	9673	394.03	1	1	1	9	0	0.0	0.0	1	0.0493	1
5	19.0
5	34.0
5	37.0
5	39.0
1	70.0
6	81.0
1	39.0
4	10.0
1	0.0
369	9862	9863	396.03	1	1	1	3	0	0.0	0.0	8	0.05	1
8	26.0
2	18.0
8	0.0
370	10335	10323	396.03	1	1	1	1	0	0.0	0.0	17	0.4723	1
5	0.0
371	10147	9981	396.03	1	1	1	1	0	0.0	0.0	12	0.0	1
17	0.0
372	9863	10056	399.03	1	1	1	1	0	0.0	0.0	5	0.0	1
5	0.0
373	9731	9728	403.03	1	1	1	2	0	0.0	0.0	11	0.0248	1
6	306.0
11	0.0
374	9614	9728	403.03	1	1	1	1	0	0.0	0.0	10	0.0	1
11	0.0
375	10392	10539	413.03	1	1	1	5	0	0.0	0.0	19	0.0968	1
11	187.0
19	19.0
18	13.0
18	5.0
19	0.0
376	9863	9864	456.03	1	1	1	1	0	0.0	0.0	5	0.4723	1
7	0.0
377	10436	10446	480.03	1	1	1	1	0	0.0	0.0	13	0.0	1
14	0.0
378	10596	10592	481.03	1	1	1	3	0	0.0	0.0	14	0.264	1
20	91.0
16	131.0
14	0.0
379	10337	10443	481.03	1	1	1	1	0	0.0	0.0	9	0.0	1
14	0.0
380	10337	10443	482.03	1	1	1	1	0	0.0	0.0	9	0.0	1
9	0.0
381	10108	10107	496.03	1	1	1	2	0	0.0	0.0	3	0.5556	1
2	60.0
3	0.0
382	10013	9993	499.03	1	1	1	1	0	0.0	0.0	8	0.0	1
2	0.0
383	10596	10597	499.03	1	1	1	1	0	0.0	0.0	14	0.1057	1
18	0.0
384	9866	9738	499.03	1	1	1	2	0	0.0	0.0	2	0.1466	1
2	156.0
2	0.0
385	10337	10144	503.03	1	1	1	1	0	0.0	0.0	9	0.0	1
15	0.0
386	10445	10543	503.03	1	1	1	2	0	0.0	0.0	15	0.0784	1
16	25.0
15	0.0
387	10337	10338	512.03	1	1	1	1	0	0.0	0.0	9	0.2456	1
8	0.0
388	10592	10711	521.03	1	1	1	1	0	0.0	0.0	16	0.0	1
14	0.0
389	10591	10710	532.03	1	1	1	1	0	0.0	0.0	16	0.0	1
15	0.0
390	10542	10444	532.03	1	1	1	3	0	0.0	0.0	15	0.7249	1
8	10.0
6	25.0
5	0.0
391	10597	10598	535.03	1	1	1	9	0	0.0	0.0	14	0.0355	1
13	5.0
12	16.0
13	27.0
2	116.0
4	43.0
2	335.0
13	17.0
15	97.0
13	0.0
392	9861	9733	535.03	1	1	1	1	0	0.0	0.0	8	0.0	1
17	0.0
393	10336	10013	535.03	1	1	1	1	0	0.0	0.0	17	0.2456	1
18	0.0
394	9732	9728	541.03	1	1	1	1	0	0.0	0.0	7	0.4723	1
2	0.0
395	10445	10444	545.03	1	1	1	1	0	0.0	0.0	15	0.0	1
16	0.0
396	9737	9736	553.03	1	1	1	1	0	0.0	0.0	1	0.0707	1
2	0.0
397	9861	9862	553.03	1	1	1	1	0	0.0	0.0	8	0.0	1
1	0.0
398	9900	9861	555.03	1	1	1	1	0	0.0	0.0	8	0.0	1
8	0.0
399	10058	10108	558.03	1	1	1	1	0	0.0	0.0	2	0.0	1
2	0.0
400	10058	10057	563.03	1	1	1	1	0	0.0	0.0	2	0.4723	1
2	0.0
401	9866	9738	567.03	1	1	1	1	0	0.0	0.0	2	0.0	1
2	0.0
402	9866	9738	572.03	1	1	1	1	0	0.0	0.0	2	0.0	1
1	0.0
403	9737	9736	572.03	1	1	1	3	0	0.0	0.0	1	0.4723	1
7	23.0
7	36.0
18	0.0
404	9900	9993	574.03	1	1	1	2	0	0.0	0.0	8	0.134	1
5	400.0
2	0.0
405	9614	9519	575.03	1	1	1	3	0	0.0	0.0	10	0.1451	1
13	15.0
15	112.0
18	0.0
406	10492	10541	575.03	1	1	1	1	0	0.0	0.0	17	0.0	1
10	0.0
407	10597	10596	594.03	1	1	1	1	0	0.0	0.0	14	0.0835	1
16	0.0
408	10711	10716	595.03	1	1	1	3	0	0.0	0.0	16	0.0386	1
16	33.0
9	28.0
16	0.0
409	10056	9863	595.03	1	1	1	1	0	0.0	0.0	5	0.0	1
5	0.0
410	9864	10057	595.03	1	1	1	1	0	0.0	0.0	5	0.0	1
16	0.0
411	9866	9738	604.03	1	1	1	1	0	0.0	0.0	2	0.0	1
5	0.0
412	10057	10107	607.03	1	1	1	2	0	0.0	0.0	5	0.7249	1
5	5.0
8	0.0
413	10108	10058	609.03	1	1	1	1	0	0.0	0.0	3	0.8333	1
2	0.0
414	9865	9864	610.03	1	1	1	1	0	0.0	0.0	2	0.0707	1
1	0.0
415	10711	10710	612.03	1	1	1	3	0	0.0	0.0	16	0.1176	1
17	152.0
7	10.0
15	0.0
416	9886	9906	620.03	1	1	1	1	0	0.0	0.0	8	0.2456	1
9	0.0
417	10708	10646	620.03	1	1	1	1	0	0.0	0.0	18	0.0	1
8	0.0
418	10443	10444	623.03	1	1	1	1	0	0.0	0.0	17	0.0	1
18	0.0
419	9864	9863	627.03	1	1	1	2	0	0.0	0.0	5	0.0839	1
5	147.0
1	0.0
420	10492	10540	636.03	1	1	1	1	0	0.0	0.0	17	0.0	1
17	0.0
421	10108	10107	640.03	1	1	1	2	0	0.0	0.0	3	0.5556	1
13	8.0
3	0.0
422	10709	10710	640.03	1	1	1	11	0	0.0	0.0	18	0.0962	1
18	10.0
18	62.0
18	10.0
18	5.0
15	46.0
18	103.0
15	15.0
20	33.0
15	120.0
4	203.0
15	0.0
423	9866	9865	640.03	1	1	1	1	0	0.0	0.0	2	0.0	1
3	0.0
424	9957	9981	640.03	1	1	1	1	0	0.0	0.0	8	0.0	1
2	0.0
425	9865	9737	640.03	1	1	1	4	0	0.0	0.0	2	0.3765	1
2	10.0
2	176.0
5	46.0
16	0.0
426	10541	10492	657.03	1	1	1	8	0	0.0	0.0	17	0.2989	1
12	29.0
17	40.0
13	107.0
19	29.0
20	182.0
19	34.0
14	148.0
19	0.0
427	10057	10056	683.03	1	1	1	1	0	0.0	0.0	5	0.0	1
18	0.0
428	10597	10598	688.03	1	1	1	1	0	0.0	0.0	14	0.0	1
9	0.0
429	10709	10595	694.03	1	1	1	1	0	0.0	0.0	18	0.0	1
14	0.0
430	10596	10597	694.03	1	1	1	1	0	0.0	0.0	14	0.0705	1
13	0.0
431	10639	10596	697.03	1	1	1	1	0	0.0	0.0	16	0.0	1
14	0.0
432	10337	10443	697.03	1	1	1	9	0	0.0	0.0	9	0.0518	1
8	10.0
5	29.0
14	27.0
5	52.0
9	127.0
9	97.0
9	46.0
6	94.0
9	0.0
433	10058	10057	697.03	1	1	1	1	0	0.0	0.0	2	0.0	1
8	0.0
434	9862	9734	704.03	1	1	1	1	0	0.0	0.0	8	0.1466	1
7	0.0
435	10337	10338	708.03	1	1	1	1	0	0.0	0.0	9	0.0	1
13	0.0
436	10596	10592	711.03	1	1	1	1	0	0.0	0.0	14	0.0835	1
14	0.0
437	10446	10597	712.03	1	1	1	1	0	0.0	0.0	13	0.0	1
13	0.0
438	9733	9861	712.03	1	1	1	1	0	0.0	0.0	7	0.0	1
8	0.0
439	10646	10707	714.03	1	1	1	4	0	0.0	0.0	18	0.1488	1
12	19.0
5	373.0
5	6.0
5	0.0
440	10580	10613	717.03	1	1	1	1	0	0.0	0.0	19	0.0968	1
20	0.0
441	9734	9735	721.03	1	1	1	1	0	0.0	0.0	7	0.0	1
5	0.0
442	10446	10597	722.03	1	1	1	3	0	0.0	0.0	13	0.0303	1
10	14.0
10	18.0
3	0.0
443	10597	10598	726.03	1	1	1	1	0	0.0	0.0	14	0.0	1
13	0.0
444	10108	10058	730.03	1	1	1	1	0	0.0	0.0	3	0.5556	1
15	0.0
445	9732	9728	734.03	1	1	1	3	0	0.0	0.0	7	0.3149	1
7	66.0
4	60.0
5	0.0
446	10595	10591	734.03	1	1	1	1	0	0.0	0.0	18	0.0	1
7	0.0
447	10595	10594	737.03	1	1	1	1	0	0.0	0.0	18	0.1645	1
18	0.0
448	10057	10056	737.03	1	1	1	1	0	0.0	0.0	5	0.0	1
18	0.0
449	10057	9864	738.03	1	1	1	1	0	0.0	0.0	5	0.0	1
12	0.0
450	10323	10147	738.03	1	1	1	3	0	0.0	0.0	12	0.0676	1
9	69.0
12	53.0
9	0.0
451	10400	10440	739.03	1	1	1	3	0	0.0	0.0	13	0.0705	1
13	78.0
16	35.0
13	0.0
452	10400	10440	741.03	1	1	1	3	0	0.0	0.0	13	0.0844	1
14	429.0
14	229.0
13	0.0
453	10013	9981	748.03	1	1	1	1	0	0.0	0.0	8	0.1466	1
18	0.0
454	10594	10595	751.03	1	1	1	2	0	0.0	0.0	18	0.1393	1
12	17.0
7	0.0
455	9623	9505	751.03	1	1	1	1	0	0.0	0.0	4	0.0	1
18	0.0
456	10492	10336	751.03	1	1	1	1	0	0.0	0.0	17	0.0	1
2	0.0
457	10337	10144	754.03	1	1	1	3	0	0.0	0.0	9	0.396	1
14	71.0
4	5.0
14	0.0
458	9863	9864	754.03	1	1	1	5	0	0.0	0.0	5	0.1703	1
7	9.0
7	5.0
7	7.0
6	315.0
7	0.0
459	10598	10759	754.03	1	1	1	1	0	0.0	0.0	14	0.0	1
9	0.0
460	10594	10595	756.03	1	1	1	1	0	0.0	0.0	18	0.0	1
17	0.0
461	10492	10540	756.03	1	1	1	2	0	0.0	0.0	17	0.1645	1
8	8.0
15	0.0
462	10108	10107	770.03	1	1	1	1	0	0.0	0.0	3	0.5556	1
3	0.0
463	10444	10338	770.03	1	1	1	1	0	0.0	0.0	15	0.0	1
3	0.0
464	10440	10446	775.03	1	1	1	1	0	0.0	0.0	15	0.0	1
15	0.0
465	10445	10444	778.03	1	1	1	1	0	0.0	0.0	15	0.0	1
14	0.0
466	10708	10709	778.03	1	1	1	1	0	0.0	0.0	18	0.0	1
20	0.0
467	9732	9728	778.03	1	1	1	1	0	0.0	0.0	7	0.0	1
4	0.0
468	10597	10446	778.03	1	1	1	2	0	0.0	0.0	14	0.0421	1
14	45.0
14	0.0
469	10058	10108	781.03	1	1	1	1	0	0.0	0.0	2	0.0423	1
20	0.0
470	10542	10591	782.03	1	1	1	2	0	0.0	0.0	15	0.1645	1
16	26.0
15	0.0
471	10707	10772	784.03	1	1	1	7	0	0.0	0.0	20	0.511	1
14	92.0
20	10.0
20	171.0
20	24.0
6	47.0
15	189.0
20	0.0
472	9993	10013	786.03	1	1	1	1	0	0.0	0.0	8	0.0	1
19	0.0
473	10539	10392	796.03	1	1	1	1	0	0.0	0.0	19	0.0881	1
14	0.0
474	9733	9511	796.03	1	1	1	1	0	0.0	0.0	7	0.0783	1
14	0.0
475	10147	10335	799.03	1	1	1	1	0	0.0	0.0	12	0.0	1
14	0.0
476	10058	10108	807.03	1	1	1	2	0	0.0	0.0	2	0.1327	1
7	10.0
4	0.0
477	10056	10094	807.03	1	1	1	1	0	0.0	0.0	5	0.0	1
2	0.0
478	9981	9957	811.03	1	1	1	2	0	0.0	0.0	8	0.075	1
10	11.0
8	0.0
479	10539	10540	811.03	1	1	1	1	0	0.0	0.0	19	0.0	1
16	0.0
480	10058	9866	812.03	1	1	1	2	0	0.0	0.0	2	0.1466	1
8	40.0
9	0.0
481	10710	10711	812.03	1	1	1	1	0	0.0	0.0	18	0.0	1
2	0.0
482	9622	9504	817.03	1	1	1	6	0	0.0	0.0	4	0.0592	1
2	165.0
4	159.0
10	16.0
4	12.0
5	12.0
4	0.0
483	10539	10540	827.03	1	1	1	1	0	0.0	0.0	19	0.0	1
17	0.0
484	10716	10757	829.03	1	1	1	8	0	0.0	0.0	16	0.0476	1
15	6.0
19	11.0
17	171.0
19	69.0
16	38.0
19	42.0
8	49.0
19	0.0
485	9735	9736	833.03	1	1	1	1	0	0.0	0.0	4	0.0	1
4	0.0
486	10444	10443	841.03	1	1	1	1	0	0.0	0.0	15	0.5556	1
3	0.0
487	10108	10058	841.03	1	1	1	1	0	0.0	0.0	3	0.0	1
15	0.0
488	9981	9957	844.03	1	1	1	1	0	0.0	0.0	8	0.0	1
7	0.0
489	10596	10440	845.03	1	1	1	1	0	0.0	0.0	14	0.0	1
7	0.0
490	9728	9732	845.03	1	1	1	1	0	0.0	0.0	7	0.0783	1
16	0.0
491	9738	9737	846.03	1	1	1	1	0	0.0	0.0	1	0.0	1
2	0.0
492	9866	10058	846.03	1	1	1	3	0	0.0	0.0	2	0.0493	1
1	115.0
6	119.0
1	0.0
493	9900	9861	848.03	1	1	1	1	0	0.0	0.0	8	0.0	1
8	0.0
494	10541	10542	849.03	1	1	1	2	0	0.0	0.0	17	0.1909	1
17	34.0
20	0.0
495	10595	10541	852.03	1	1	1	2	0	0.0	0.0	18	0.2456	1
3	17.0
3	0.0
496	10337	10144	852.03	1	1	1	1	0	0.0	0.0	9	0.0	1
18	0.0
497	10597	10446	852.03	1	1	1	1	0	0.0	0.0	14	0.0835	1
14	0.0
498	9733	9511	852.03	1	1	1	4	0	0.0	0.0	7	0.4833	1
17	10.0
15	47.0
16	42.0
16	0.0
499	10772	10707	856.03	1	1	1	1	0	0.0	0.0	20	0.0	1
18	0.0
500	10594	10613	856.03	1	1	1	3	0	0.0	0.0	18	0.0968	1
19	26.0
18	46.0
19	0.0
501	9731	9613	858.03	1	1	1	1	0	0.0	0.0	11	0.0	1
9	0.0
502	10337	10144	858.03	1	1	1	1	0	0.0	0.0	9	0.0248	1
11	0.0
503	10543	10592	860.03	1	1	1	1	0	0.0	0.0	15	0.0	1
5	0.0
504	10057	10058	860.03	1	1	1	2	0	0.0	0.0	5	0.2468	1
15	43.0
18	0.0
505	10716	10757	864.03	1	1	1	1	0	0.0	0.0	16	0.0	1
16	0.0
506	9862	9734	867.03	1	1	1	3	0	0.0	0.0	8	0.075	1
5	30.0
5	14.0
8	0.0
507	10594	10613	868.03	1	1	1	1	0	0.0	0.0	18	0.0	1
16	0.0
508	9734	9862	869.03	1	1	1	1	0	0.0	0.0	7	0.0	1
19	0.0
509	10580	10539	869.03	1	1	1	2	0	0.0	0.0	19	0.1059	1
20	94.0
19	0.0
510	10596	10592	872.03	1	1	1	6	0	0.0	0.0	14	0.0835	1
16	23.0
15	24.0
14	13.0
14	31.0
17	84.0
14	0.0
511	9620	9734	874.03	1	1	1	1	0	0.0	0.0	7	0.0	1
7	0.0
512	9731	9728	874.03	1	1	1	1	0	0.0	0.0	11	0.0	1
11	0.0
513	10592	10591	877.03	1	1	1	3	0	0.0	0.0	16	0.2007	1
16	14.0
3	11.0
12	0.0
514	10108	10107	877.03	1	1	1	1	0	0.0	0.0	3	0.5556	1
1	0.0
515	10595	10709	878.03	1	1	1	1	0	0.0	0.0	18	0.0	1
18	0.0
516	9731	9613	878.03	1	1	1	1	0	0.0	0.0	11	0.0248	1
18	0.0
517	10759	10598	879.03	1	1	1	1	0	0.0	0.0	14	0.0	1
14	0.0
518	9734	9733	882.03	1	1	1	1	0	0.0	0.0	7	0.1393	1
12	0.0
519	10541	10492	884.03	1	1	1	1	0	0.0	0.0	17	0.0	1
6	0.0
520	10056	10021	888.03	1	1	1	1	0	0.0	0.0	5	0.0	1
5	0.0
521	10597	10596	889.03	1	1	1	3	0	0.0	0.0	14	0.4232	1
14	32.0
18	36.0
14	0.0
522	10337	10338	893.03	1	1	1	1	0	0.0	0.0	9	0.0	1
9	0.0
523	10107	10108	895.03	1	1	1	1	0	0.0	0.0	6	0.1505	1
17	0.0
524	9731	9613	897.03	1	1	1	2	0	0.0	0.0	11	0.0472	1
12	166.0
11	0.0
525	9737	9738	897.03	1	1	1	1	0	0.0	0.0	1	0.0	1
11	0.0
526	9738	9675	898.03	1	1	1	1	0	0.0	0.0	1	0.0	1
1	0.0
527	9505	9504	899.03	1	1	1	2	0	0.0	0.0	4	0.1327	1
9	13.0
4	0.0
528	10591	10710	904.03	1	1	1	1	0	0.0	0.0	16	0.0	1
14	0.0
529	10056	10094	905.03	1	1	1	2	0	0.0	0.0	5	0.0579	1
17	14.0
16	0.0
530	10591	10710	905.03	1	1	1	1	0	0.0	0.0	16	0.0	1
5	0.0
531	9738	9866	907.03	1	1	1	3	0	0.0	0.0	1	0.5556	1
3	12.0
5	83.0
3	0.0
532	10400	10440	908.03	1	1	1	2	0	0.0	0.0	13	0.0705	1
13	57.0
13	0.0
533	9864	9736	910.03	1	1	1	1	0	0.0	0.0	5	0.0	1
5	0.0
534	10762	10772	911.03	1	1	1	1	0	0.0	0.0	20	0.0	1
19	0.0
535	10594	10613	913.03	1	1	1	1	0	0.0	0.0	18	0.0248	1
11	0.0
536	10323	10335	915.03	1	1	1	1	0	0.0	0.0	12	0.0	1
7	0.0
537	9734	9620	915.03	1	1	1	1	0	0.0	0.0	7	0.0928	1
14	0.0
538	10056	9863	916.03	1	1	1	3	0	0.0	0.0	5	0.618	1
5	27.0
1	207.0
5	0.0
539	10440	10400	917.03	1	1	1	1	0	0.0	0.0	15	0.0	1
14	0.0
540	10707	10646	918.03	1	1	1	1	0	0.0	0.0	20	0.0	1
18	0.0
541	10708	10646	918.03	1	1	1	5	0	0.0	0.0	18	0.0862	1
16	23.0
5	32.0
16	29.0
18	30.0
16	0.0
542	10708	10707	918.03	1	1	1	1	0	0.0	0.0	18	0.0	1
18	0.0
543	10337	10144	918.03	1	1	1	3	0	0.0	0.0	9	0.1466	1
8	53.0
9	148.0
8	0.0
544	10598	10597	920.03	1	1	1	1	0	0.0	0.0	14	0.0	1
16	0.0
545	10757	10716	920.03	1	1	1	1	0	0.0	0.0	16	0.396	1
14	0.0
546	10323	10392	924.03	1	1	1	1	0	0.0	0.0	12	0.0	1
19	0.0
547	9993	10013	925.03	1	1	1	1	0	0.0	0.0	8	0.0	1
12	0.0
548	9731	9613	928.03	1	1	1	1	0	0.0	0.0	11	0.0	1
1	0.0
549	10323	10335	934.03	1	1	1	1	0	0.0	0.0	12	0.0	1
7	0.0
550	10596	10440	937.03	1	1	1	2	0	0.0	0.0	14	0.396	1
3	27.0
14	0.0
551	10108	10107	937.03	1	1	1	1	0	0.0	0.0	3	0.0	1
3	0.0
552	10596	10440	938.03	1	1	1	6	0	0.0	0.0	14	0.0849	1
16	5.0
14	33.0
17	128.0
14	57.0
16	5.0
14	0.0
553	9864	9736	939.03	1	1	1	2	0	0.0	0.0	5	0.3149	1
2	14.0
7	0.0
554	10323	10335	939.03	1	1	1	5	0	0.0	0.0	12	0.0894	1
18	111.0
12	9.0
15	20.0
5	5.0
12	0.0
555	10539	10580	940.03	1	1	1	6	0	0.0	0.0	19	0.0964	1
18	5.0
19	15.0
7	52.0
19	12.0
16	25.0
19	0.0
556	10337	10443	942.03	1	1	1	4	0	0.0	0.0	9	0.0784	1
18	19.0
15	136.0
16	11.0
15	0.0
557	10543	10542	942.03	1	1	1	1	0	0.0	0.0	15	0.0	1
9	0.0
558	10108	10107	942.03	1	1	1	1	0	0.0	0.0	3	0.0	1
14	0.0
559	10710	10709	943.03	1	1	1	1	0	0.0	0.0	18	0.0	1
17	0.0
560	10335	10323	943.03	1	1	1	1	0	0.0	0.0	17	0.0968	1
15	0.0
561	10108	10058	944.03	1	1	1	2	0	0.0	0.0	3	0.2456	1
16	5.0
3	0.0
562	9738	9737	947.03	1	1	1	3	0	0.0	0.0	1	0.0248	1
11	152.0
5	71.0
11	0.0
563	9733	9511	947.03	1	1	1	5	0	0.0	0.0	7	0.2007	1
12	20.0
12	83.0
12	15.0
12	11.0
12	0.0
564	10597	10598	950.03	1	1	1	3	0	0.0	0.0	14	0.0262	1
14	22.0
14	15.0
13	0.0
565	9505	9623	951.03	1	1	1	4	0	0.0	0.0	4	0.1327	1
5	75.0
4	58.0
5	32.0
4	0.0
566	10759	10598	955.03	1	1	1	4	0	0.0	0.0	14	0.3466	1
17	27.0
3	152.0
2	95.0
3	0.0
567	10711	10716	955.03	1	1	1	3	0	0.0	0.0	16	0.0783	1
7	5.0
18	45.0
7	0.0
568	9736	9737	956.03	1	1	1	1	0	0.0	0.0	4	0.0	1
19	0.0
569	10595	10541	958.03	1	1	1	1	0	0.0	0.0	18	0.2468	1
15	0.0
570	10492	10443	959.03	1	1	1	1	0	0.0	0.0	17	0.0	1
16	0.0
571	9866	9865	966.03	1	1	1	1	0	0.0	0.0	2	0.0	1
16	0.0
572	10711	10716	967.03	1	1	1	1	0	0.0	0.0	16	0.0	1
16	0.0
573	10639	10597	969.03	1	1	1	4	0	0.0	0.0	16	0.1505	1
18	10.0
16	5.0
17	73.0
17	0.0
574	10613	10580	974.03	1	1	1	2	0	0.0	0.0	19	0.1909	1
18	72.0
19	0.0
575	10592	10591	978.03	1	1	1	1	0	0.0	0.0	16	0.0386	1
18	0.0
576	10646	10707	981.03	1	1	1	1	0	0.0	0.0	18	0.0	1
18	0.0
577	10592	10711	982.03	1	1	1	5	0	0.0	0.0	16	0.7797	1
13	15.0
16	5.0
2	21.0
12	172.0
2	0.0
578	10580	10539	983.03	1	1	1	1	0	0.0	0.0	19	0.0	1
19	0.0
579	10709	10595	988.03	1	1	1	1	0	0.0	0.0	18	0.1451	1
15	0.0
580	10542	10591	988.03	1	1	1	1	0	0.0	0.0	15	0.0	1
18	0.0
581	10323	10147	991.03	1	1	1	1	0	0.0	0.0	12	0.0	1
12	0.0
582	10446	10436	1003.03	1	1	1	1	0	0.0	0.0	13	0.0	1
18	0.0
583	10595	10591	1003.03	1	1	1	2	0	0.0	0.0	18	0.1057	1
14	77.0
13	0.0
584	10613	10580	1006.03	1	1	1	1	0	0.0	0.0	19	0.05	1
8	0.0
585	9862	9734	1006.03	1	1	1	1	0	0.0	0.0	8	0.0	1
19	0.0
586	10711	10592	1006.03	1	1	1	1	0	0.0	0.0	16	0.4833	1
15	0.0
587	10539	10540	1009.03	1	1	1	9	0	0.0	0.0	19	0.2447	1
20	78.0
19	9.0
12	5.0
12	5.0
19	32.0
9	47.0
19	90.0
9	34.0
19	0.0
588	10543	10592	1011.03	1	1	1	2	0	0.0	0.0	15	0.0968	1
18	61.0
15	0.0
589	9733	9732	1018.03	1	1	1	2	0	0.0	0.0	7	0.4723	1
8	32.0
7	0.0
590	10597	10598	1019.03	1	1	1	1	0	0.0	0.0	14	0.2456	1
3	0.0
591	10108	10107	1019.03	1	1	1	1	0	0.0	0.0	3	0.0	1
14	0.0
592	10323	10335	1029.03	1	1	1	2	0	0.0	0.0	12	0.1268	1
8	57.0
12	0.0
593	10591	10592	1030.03	1	1	1	1	0	0.0	0.0	16	0.0	1
16	0.0
594	10147	9981	1039.03	1	1	1	1	0	0.0	0.0	12	0.0	1
9	0.0
595	10750	10716	1041.03	1	1	1	2	0	0.0	0.0	16	0.096	1
4	24.0
10	0.0
596	10594	10595	1042.03	1	1	1	2	0	0.0	0.0	18	0.0676	1
9	46.0
18	0.0
597	10337	10336	1042.03	1	1	1	1	0	0.0	0.0	9	0.0	1
18	0.0
598	10596	10597	1043.03	1	1	1	1	0	0.0	0.0	14	0.0	1
13	0.0
599	10594	10613	1046.03	1	1	1	1	0	0.0	0.0	18	0.0386	1
16	0.0
600	10446	10597	1046.03	1	1	1	1	0	0.0	0.0	13	0.0	1
14	0.0
601	10580	10539	1048.03	1	1	1	1	0	0.0	0.0	19	0.1059	1
20	0.0
602	10439	10445	1051.03	1	1	1	1	0	0.0	0.0	15	0.7249	1
15	0.0
603	10591	10592	1052.03	1	1	1	1	0	0.0	0.0	16	0.0	1
16	0.0
604	10108	10107	1057.03	1	1	1	1	0	0.0	0.0	3	0.0	1
3	0.0
605	10542	10591	1059.03	1	1	1	1	0	0.0	0.0	15	0.0	1
2	0.0
606	10058	10108	1059.03	1	1	1	1	0	0.0	0.0	2	0.1645	1
15	0.0
607	10446	10597	1062.03	1	1	1	3	0	0.0	0.0	13	0.7857	1
5	9.0
14	23.0
17	0.0
608	10759	10598	1062.03	1	1	1	2	0	0.0	0.0	14	0.0262	1
1	5.0
14	0.0
609	10337	10338	1068.03	1	1	1	2	0	0.0	0.0	9	0.2314	1
20	26.0
9	0.0
610	10400	10297	1070.03	1	1	1	1	0	0.0	0.0	13	0.0	1
7	0.0
611	9863	9864	1076.03	1	1	1	1	0	0.0	0.0	5	0.0	1
7	0.0
612	10711	10592	1078.03	1	1	1	3	0	0.0	0.0	16	0.3765	1
5	34.0
2	197.0
5	0.0
613	9732	9728	1079.03	1	1	1	1	0	0.0	0.0	7	0.14	1
13	0.0
614	10772	10762	1080.03	1	1	1	2	0	0.0	0.0	20	0.1588	1
7	102.0
20	0.0
615	10598	10759	1081.03	1	1	1	1	0	0.0	0.0	14	0.0	1
14	0.0
616	9866	10058	1083.03	1	1	1	1	0	0.0	0.0	2	0.4723	1
7	0.0
617	9733	9861	1083.03	1	1	1	1	0	0.0	0.0	7	0.0	1
2	0.0
618	10444	10443	1083.03	1	1	1	1	0	0.0	0.0	15	0.0	1
12	0.0
619	10597	10446	1088.03	1	1	1	1	0	0.0	0.0	14	0.0	1
20	0.0
620	10595	10594	1089.03	1	1	1	1	0	0.0	0.0	18	0.0	1
18	0.0
621	9733	9734	1091.03	1	1	1	4	0	0.0	0.0	7	0.1498	1
5	80.0
7	45.0
5	8.0
7	0.0
622	10594	10646	1091.03	1	1	1	3	0	0.0	0.0	18	0.0556	1
19	74.0
18	24.0
19	0.0
623	10596	10639	1094.03	1	1	1	1	0	0.0	0.0	14	0.0414	1
20	0.0
624	10147	10335	1094.03	1	1	1	3	0	0.0	0.0	12	0.2468	1
15	5.0
11	30.0
15	0.0
625	10613	10594	1097.03	1	1	1	1	0	0.0	0.0	18	0.0	1
18	0.0
626	10595	10709	1100.03	1	1	1	1	0	0.0	0.0	18	0.0676	1
9	0.0
627	10057	9864	1122.03	1	1	1	1	0	0.0	0.0	5	0.0	1
9	0.0
628	10542	10591	1123.03	1	1	1	1	0	0.0	0.0	15	0.0421	1
4	0.0
629	10598	10597	1123.03	1	1	1	1	0	0.0	0.0	14	0.0	1
15	0.0
630	10596	10639	1124.03	1	1	1	2	0	0.0	0.0	14	0.396	1
14	32.0
14	0.0
631	10598	10759	1128.03	1	1	1	1	0	0.0	0.0	14	0.0928	1
7	0.0
632	10323	10147	1130.03	1	1	1	1	0	0.0	0.0	12	0.0	1
6	0.0
633	10762	10613	1132.03	1	1	1	1	0	0.0	0.0	20	0.0262	1
14	0.0
634	10337	10443	1138.03	1	1	1	1	0	0.0	0.0	9	0.1488	1
18	0.0
635	10337	10443	1141.03	1	1	1	1	0	0.0	0.0	9	0.5556	1
3	0.0
636	10108	10058	1141.03	1	1	1	1	0	0.0	0.0	3	0.0	1
9	0.0
637	10107	10108	1151.03	1	1	1	1	0	0.0	0.0	6	0.0792	1
20	0.0
638	10337	10338	1151.03	1	1	1	1	0	0.0	0.0	9	0.0	1
20	0.0
639	10707	10708	1151.03	1	1	1	1	0	0.0	0.0	20	0.0676	1
20	0.0
640	10762	10772	1187.03	1	1	1	1	0	0.0	0.0	20	0.0676	1
9	0.0
641	10613	10762	1187.03	1	1	1	1	0	0.0	0.0	20	0.0	1
20	0.0
642	10597	10596	1191.03	1	1	1	1	0	0.0	0.0	14	0.0	1
16	0.0
643	10707	10708	1195.03	1	1	1	1	0	0.0	0.0	20	0.0968	1
19	0.0
644	10580	10613	1195.03	1	1	1	1	0	0.0	0.0	19	0.0	1
20	0.0
645	10592	10711	1205.03	1	1	1	2	0	0.0	0.0	16	0.0278	1
16	44.0
16	0.0
646	9505	9623	1214.03	1	1	1	1	0	0.0	0.0	4	0.0	1
4	0.0
647	10542	10541	1235.03	1	1	1	1	0	0.0	0.0	15	0.0	1
16	0.0
648	9622	9504	1235.03	1	1	1	1	0	0.0	0.0	4	0.0421	1
14	0.0
649	10439	10445	1237.03	1	1	1	1	0	0.0	0.0	15	0.0	1
9	0.0
650	10108	10107	1241.03	1	1	1	2	0	0.0	0.0	3	0.0269	1
14	32.0
3	0.0
651	10592	10543	1246.03	1	1	1	1	0	0.0	0.0	16	0.0347	1
15	0.0
652	10772	10762	1250.03	1	1	1	1	0	0.0	0.0	20	0.1293	1
16	0.0
653	10591	10592	1250.03	1	1	1	1	0	0.0	0.0	16	0.0	1
20	0.0
654	10108	10107	1252.03	1	1	1	1	0	0.0	0.0	3	0.0	1
2	0.0
655	10058	10057	1252.03	1	1	1	2	0	0.0	0.0	2	0.8333	1
4	16.0
3	0.0
656	10337	10443	1255.03	1	1	1	1	0	0.0	0.0	9	0.0845	1
15	0.0
657	10597	10446	1279.03	1	1	1	1	0	0.0	0.0	14	0.0421	1
14	0.0
658	10598	10597	1342.03	1	1	1	1	0	0.0	0.0	14	0.0248	1
11	0.0
659	9731	9728	1342.03	1	1	1	1	0	0.0	0.0	11	0.0	1
14	0.0
660	9731	9613	1404.03	1	1	1	1	0	0.0	0.0	11	0.0	1
1	0.0
661	9738	9866	1404.03	1	1	1	1	0	0.0	0.0	1	0.0707	1
11	0.0
