         2     24192   1116735    0.10     9     7     1     0     0  0.8333
           3  114.00     5 Home            discretionary     28    7        12         3   -1    1    0    1       0.1000    338809           1116732         0
           7  366.00     5 discretionary   Home              12    3        28         7   -1    1    0    2     138.9000    338810           1116732         0
          16   41.00     1 Home            maintenance       28    7        62        16    4    0    0   14     507.7000    107968           1116735         0
           7    6.00     1 maintenance     Home              62   16        28         7    4    0    0   17     573.6000    107969           1116735         0
           5   46.00     1 Home            shop              28    7        20         5    4    0    0   18     601.3000    107965           1116735         0
           5   41.00     1 shop            Shop              20    5        20         5    4    0    0   20     675.4000    107966           1116735         0
           7  215.00     1 Shop            Home              20    5        28         7    4    0    0   22     730.9000    107967           1116735         0
           5  121.00     5 Home            maintenance       28    7        19         5    4    1    0   30     967.8000    338807           1116735         0
           7    0.00     5 maintenance     Home              19    5        28         7    4    1    0   34    1109.8000    338808           1116735         0
